  initial Array and Values

0	1	2	3	4	5	6	7	8	9
0	1	2	3	4	5	6	7	8	9

connect(4,3)
0	1	2	3	4	5	6	7	8	9
0	1	2	3	3	5	6	7	8	9

connect(3,8)
0	1	2	3	4	5	6	7	8	9
0	1	2	8	8	5	6	7	8	9

connect(6,5)
0	1	2	3	4	5	6	7	8	9
0	1	2	8	8	5	5	7	8	9

connect(9,4)
0	1	2	3	4	5	6	7	8	9
0	1	2	8	8	5	5	7	8	8

connect(2,1)
0	1	2	3	4	5	6	7	8	9
0	1	1	8	8	5	5	7	8	8

connect(8,9)
0	1	2	3	4	5	6	7	8	9
0	1	1	8	8	5	5	7	8	8

connect(0,5)
0	1	2	3	4	5	6	7	8	9
0	1	1	8	8	0	0	7	8	8

connect(7,2)
0	1	2	3	4	5	6	7	8	9
0	1	1	8	8	0	0	1	8	8

connect(6,1)
0	1	2	3	4	5	6	7	8	9
1	1	1	8	8	1	1	1	8	8
